273050
273051
2936611
273052
317910
308598
308599
308600
46216
129035
1920391
121180
2175524
399303
989232
358434
183592
2590760
34549
34547
1154713
1633609
471300
576169
727941
150334
150335
150343
150342
241153
1699427
241154
1699428
385555
499953
1503212
126420
55704
13323
71284
763111
1525825
1525826
1421101
71285
1525829
86203
44189
3019875
3019970
3019876
397923
1049575
236553
86583
1150257
121148
545769
435431
3036896
3036897
1825698
61894
373254
61895
136192
2951276
146766
2282985
578957
120341
7908
7904
1502573
1502574
58791
119162
57876
166333
544700
1281424
278013
641369
641370
82558
2733411
29214
73033
73105
138170
1550622
1699430
328579
1564646
2510233
2736726
71512
71513
71511
6106
6103
42822
186623
478381
3082616
2859639
190659
1639830
1150266
912977
912978
399294
857294
857297
57235
190660
57236
168710
588336
645378
2049525
195872
2497990
195873
71481
100775
100776
6099
210840
2747904
6100
271729
28699
201683
503074
588325
503075
588326
507462
544703
883816
1267139
3108676
316166
2721091
2499528
105404
572309
418697
1226706
56245
311529
397538
311530
2721530
329459
2921812
2507394
308583
1769401
497490
323302
30972
2838345
740689
428027
28022
31363
28023
31437
31438
38472
2652724
396333
8833
2604223
71500
71501
71499
145540
98221
83392
1036540
54909
516901
1525003
28683
6132
97263
1118981
3078886
369574
516969
2936545
2049529
1675535
88653
170189
2925
1421181
1842842
401217
419527
981110
880429
1291066
1118809
1696904
86255
314245
319752
524949
168646
932767
433393
57980
7852
34773
29966
29967
2725374
150819
2109549
87360
29971
1130886
195665
515578
150820
1350340
707133
1273213
1746110
707134
153617
2052641
1054326
560980
1928861
98849
1928862
1054329
576193
297461
2664498
199547
2562967
2562954
2562964
1045397
315322
110440
419521
110441
1859076
561446
57635
2175525
1857760
2172719
1920001
2510143
2510144
476914
215382
29190
258330
61893
373261
373262
317526
1239313
3027171
2566262
2566263
2566264
1229736
1005064
3100100
1229737
2219843
1818022
2566265
1436023
1732090
1229738
1229739
2449054
317518
394738
394739
1311516
2052632
868022
3107790
6374
2172669
1232801
637417
1220549
645368
74738
279636
153631
2019424
2922910
2172670
2066893
378298
378299
109976
1795463
371476
1732131
1732132
367918
1054002
869199
869200
1037266
1794728
48270
3064167
497676
48271
6821
120982
120983
324876
187591
187721
1763817
187592
187593
187594
650517
1131436
308607
1035495
1421182
1421183
1421185
100186
1045555
72546
1056814
205114
82377
3022003
82379
82378
106738
134541
1305603
429030
134542
1735336
371466
371465
134543
134540
1972714
2566089
1983787
989233
2784303
1390362
173064
31333
891970
1933383
1933384
1453327
891971
433405
2043223
28680
75839
8838
8839
236550
307589
332922
199549
3053534
397539
71287
71288
3080411
3080412
2817659
7933
1087309
388093
980385
136787
518669
314002
388641
194192
194193
244460
3170683
102290
102291
1424413
1129270
102289
6738
398847
2449055
398848
587141
1154602
1154603
1225888
320623
88309
373264
373265
373266
373268
88656
229290
557333
172142
297802
50365
8849
132587
56281
290518
52917
3014128
235475
211836
102306
3014129
52918
1154712
1287504
334378
308580
401967
406427
6109
160216
6110
160748
6112
1150258
3280091
6101
1921103
210781
497157
2516997
797226
2989603
44168
1350335
2766
122414
645529
195208
195209
2803289
371455
371456
1920382
134544
1305608
1305609
2304702
2925323
2078653
375204
394740
2066899
394741
371436
371437
279930
83887
45665
45666
2715517
328588
1964452
868023
2566090
195214
1977844
195215
201956
1390099
32436
6500
144767
71498
144771
1609255
202113
749931
1857757
2942435
1857758
57779
57780
7701
2499414
875792
1732091
1390100
479751
219364
188452
1940852
1940853
387442
387443
2821804
307971
2032702
2497127
1902835
428037
263691
96817
1030151
116695
1453328
65493
65494
3082510
318772
1938924
105353
3027130
70065
105354
44597
2951309
401108
2928772
1298643
1028565
59238
59239
57618
862920
868024
862921
473348
160637
2175526
1954227
110620
56072
1934104
48676
1934105
48679
37052
48683
48684
54971
279931
6343
289432
273048
699073
6344
1458127
260512
134613
397924
397925
587142
397926
1930628
294695
330902
2337215
68503
81869
68504
875771
81870
195262
273016
2291366
2679918
2268692
319440
13347
2731401
516002
1619267
167808
1955830
763115
190408
190409
252465
252466
274757
283624
320607
274758
433399
322683
459053
305505
112778
85549
2780259
91561
2793152
1738886
30275
30276
2172671
2589374
38561
2172672
107392
7713
201961
1298853
1316265
195875
89896
373271
63226
1511595
260499
944488
980419
91378
2870707
1732135
2898742
1732136
1732137
98290
246752
2268628
462886
1582111
278202
7601
7602
7604
7600
7588
1541904
72723
519091
1037267
358399
1421099
2751893
279900
473356
55650
347486
563618
55651
563626
563627
563635
563638
55649
2175527
483409
555450
483410
1129406
1129407
195645
428034
238741
461499
1311532
649065
1909179
2909183
880215
86043
645345
259703
371483
3154171
2268669
2024356
279645
506035
506036
2912899
373637
408858
76584
2823669
76585
68510
240152
238780
6145
184214
3050091
1561376
1154718
196964
261882
1732093
1316774
199196
2861909
576173
2268629
13352
217026
8782
121280
1421187
1421188
1818026
61846
1400841
61847
189533
189535
189534
110915
2922058
196127
934966
3112199
9766
9767
9768
255365
9769
9771
9770
9765
37806
35079
6677
164412
110520
6678
399131
756461
303686
74729
31346
693219
43126
232741
68037
316196
316197
316231
2078594
1260478
1260479
1273214
326996
326997
1763818
1881884
2005484
2005485
319448
319449
433406
433408
557335
433409
433407
2698224
1684796
1421190
1503680
132489
1329532
1489799
875769
170192
301820
1459833
170193
557336
301819
519008
473350
274807
1188226
274808
274806
190410
2094567
86603
1350341
446313
3081318
85594
317510
1732094
317511
1732095
1436024
206091
117870
341242
341243
341244
2169489
341251
1126214
61693
370345
149336
2268696
2268697
2093250
3023938
433384
433385
290324
409853
2528354
1738883
868582
868583
123334
1197456
48742
620005
2838337
2838339
2838338
2838340
320166
31167
140453
140454
294703
1703753
294704
71292
155528
38473
576280
1202479
1202480
1202482
680073
1155034
1202485
1202486
381082
2483858
510502
576620
3023909
797523
754250
2172673
754251
2507396
2980197
6477
1768101
1357311
1357312
1357313
1367359
2219155
6544
47071
56718
1489921
177215
177216
573212
573213
63413
63414
573192
1756918
573193
272744
1642169
272745
1732140
1732141
94525
123245
140455
335776
1163373
1163374
864691
579062
63515
864309
47118
2510235
177453
398854
1138471
44932
2579297
1471183
2600294
1472675
1774330
1774332
1774333
1980406
48614
1141738
2053461
293995
110661
8253
1154617
188204
557338
390675
62806
62933
581057
30300
30301
497498
168714
1664038
308567
645346
168713
317182
40254
7568
314000
100188
135465
135464
28694
472037
472038
177454
3089149
1261547
6752
307617
2972865
2972864
701507
215351
215352
215350
375517
2705150
91573
1985144
91574
1969388
205105
431177
880614
1367176
1367177
880615
7737
373177
7738
7739
7740
199551
418328
195543
271777
418329
418330
184712
8853
371860
271688
271690
39154
39281
72668
334377
3128
222885
10205
1317002
110668
37796
37540
620070
620118
620119
37541
279934
107022
10211
2836395
10212
2865378
192920
114737
114738
413681
2510888
1326986
57622
110671
317528
2268630
2566366
868080
868081
1210406
181401
2172674
856794
460691
76163
508112
589665
39430
525530
761540
2566666
2566667
648572
761541
2749699
761543
2749703
2749705
2749706
1273215
197147
472041
6833
6836
113644
114069
136139
84301
525120
135424
86556
192723
279936
8919
279937
227173
279941
240202
279935
217132
279961
1736779
72034
217164
344056
257370
2700091
338195
177238
338196
177236
2856457
707973
2734744
48940
6762
257891
257890
6763
53942
155529
1842843
1421107
340422
2566101
2951278
703298
2172675
1806590
155530
61897
373274
61896
78549
345378
413407
413408
380166
645532
189623
1582918
256138
2853853
31431
217480
38325
31433
34884
749175
749177
1332843
1281428
1267136
397929
2268632
397935
1267412
79622
76312
314529
500059
6589
593579
62819
146264
2172676
52627
861504
314507
314512
27800
573995
314531
94569
2546671
2546673
2546674
2553464
2546676
2555689
2723821
6754
2304713
88206
6756
6759
29965
1842845
6755
88209
6753
207966
207967
248471
507445
748995
51293
51294
283909
51292
1453329
977910
1282970
1305605
3076551
294133
2304704
371499
2565288
2566379
380747
1282972
703580
587143
1447022
2304705
244427
211736
8157
1489907
173313
30483
671158
302049
7807
13397
2798770
1763819
53602
55708
120368
120369
52615
120371
2108410
268263
274785
8467
2586195
6694
500093
3073994
187807
166035
3108778
215353
740692
473358
33554
401300
157781
1379395
2108411
61342
155686
1131494
2448412
1696518
2176022
1732519
181404
395889
43455
1421116
7698
52919
152008
1432733
2461440
195219
319437
472200
181421
181422
2865463
2769065
1323118
654943
649051
356471
271503
980374
42758
2172678
97242
1655321
991037
60592
60593
2172679
97249
123342
1582122
159502
136182
207955
248467
136183
39286
69554
6605
740693
937754
937755
28695
28696
28697
556792
2482676
136955
464349
3019971
55709
55710
94722
378378
378379
104735
1267194
3158704
123250
875772
693205
1421108
929459
2703600
6220
1763820
416956
1809759
420623
6221
416817
416818
187795
3050937
396344
37512
44172
89597
1411680
2706822
2614739
1155696
1096467
1202151
1202178
145869
163902
145870
658864
658867
164662
61263
1005909
1005910
9721
57982
740694
412639
302054
53693
53689
2596854
74726
212246
212249
10229
221831
1304946
162065
626739
221833
329458
6378
352265
34590
221994
1818027
2566103
221995
2922062
860360
138983
138984
358437
2865410
8906
50392
279942
211599
985688
50400
50402
1742626
2865386
80839
1835368
68508
302055
1197887
620251
620253
868083
293908
546515
307590
320392
1732142
2268634
1818028
1541167
8469
217703
316211
1336365
71177
2734689
740928
1154618
1154619
2048724
274688
145464
282286
380164
232428
41210
262399
450125
450126
286300
503050
1169131
36320
1966437
3023941
320615
433395
151164
7149
7150
27467
33397
1165749
61694
61695
559536
61696
1707834
256107
6652
283635
115018
50342
27808
644113
279945
3058323
398470
1173526
3041
80345
80350
293845
35175
35177
95348
95349
35179
997581
31393
1497581
2316908
7777
3027174
1114242
2172682
521395
879530
2079136
64905
3026
397940
126714
231457
1917406
1917407
904386
2039479
168767
880219
168724
1203181
1203182
1350342
115832
115833
2859446
61699
116181
116177
95551
95550
2015892
316200
325267
1421109
1472678
1746147
1746148
7718
7719
1774208
51511
356931
356932
123761
3154174
156262
96838
46590
104698
394749
307619
279646
6675
251441
1818029
272995
2042164
61702
195599
319774
319775
195600
84337
123099
499903
264074
34125
1889078
34134
1213235
288858
197941
1346146
1031551
1899378
48605
368940
380098
148995
184759
149001
149002
149003
149005
149006
184760
149007
149008
149009
498518
1262060
2782016
155690
1955510
185732
6750
370544
255560
57768
241157
410350
283632
459045
304258
459046
459047
283633
620759
356474
649052
356475
649053
880268
269049
71516
2723822
74739
7950
30724
55118
32446
292502
292503
2461442
195225
1400851
1267148
336981
252669
27801
252671
252667
30293
6073
13016
3133
1676216
414144
238788
319433
30001
230561
1426915
645382
129043
371486
424463
27964
258022
1665552
1981004
74056
1421191
1582880
2528148
3023953
345459
1803738
479127
479278
702389
702390
1774308
178839
2841604
1774295
702392
7941
6489
37797
1072556
244425
450190
450191
1037067
142499
1265870
6490
117992
6830
2865464
446314
35170
1086050
44186
326254
1639837
1639838
1639839
45949
228466
2840439
3126136
492274
480039
111869
323294
2980201
2057809
236405
649071
1194747
371451
82098
371471
2590761
1920383
371472
749183
1582896
1954390
264057
498525
264059
264056
44298
51773
58816
264117
264075
58817
662077
13454
34814
76797
83390
76798
83391
216980
216981
2059235
557246
1972140
273014
273015
2855569
1964453
273013
2872
1859087
1859088
1983785
8092
214924
8098
214916
147210
2724382
61704
34560
397943
866504
486786
491138
307031
587144
98081
316205
50415
2268699
2268700
1582128
2784310
29159
6565
472197
52628
52629
171532
176853
211756
211761
211786
219077
211789
211790
219078
136493
136494
211795
211796
211799
397599
211801
356499
1323125
723193
649054
2202741
2202742
2202744
134925
626265
2865377
1964568
600353
655519
60567
168728
2099341
2099343
2099344
168729
2790550
356927
356928
6657
557343
433379
94313
391808
6655
1194749
174326
174327
174328
1421112
1421113
42010
203887
1563185
767306
412659
142502
558755
881212
457654
244472
149010
182798
232941
40316
51985
319749
2850318
42205
28833
42203
42204
42388
122241
42202
36325
27412
31486
131060
96804
94561
168731
61329
120383
3014132
1676539
740993
61328
1804149
1154714
763117
356473
2013570
1323127
114956
2909559
686336
686337
27804
166016
166017
413413
413414
1503210
413415
1421117
244424
413417
96831
2175102
96832
1857755
94538
120566
2175570
1421193
588338
182759
84308
8101
569442
942548
3042081
3042082
569443
48440
48441
48443
48447
48449
48451
48453
2848990
556252
556237
110926
8869
157717
1421118
413664
3023945
1564621
431607
431608
178857
163744
134547
134548
1735340
2172684
309354
50794
389314
155692
2304707
1330289
3018532
218221
230730
2802831
472274
3055573
2928771
2561917
1920005
2838341
875787
6668
1070701
1129476
1896963
189625
2488746
651723
195227
195228
274783
2506492
1932350
6683
215450
146143
492021
880228
2094507
1048600
235614
9726
9727
9728
1629332
6042
273751
273752
2172686
1545973
6684
7707
430708
430705
30294
30295
71301
763120
904359
154605
71302
219661
1054385
904360
797218
797219
39426
39427
235478
211841
1659208
33107
7590
27794
66487
66488
62298
1205903
31340
62313
320418
338244
703462
174260
749185
749186
525461
2906592
35202
1453334
1920384
1453335
1732098
356940
3158059
1286080
649055
649057
478394
1143158
1789172
478428
904821
71509
1920049
1154716
1920055
763121
88678
1074458
91653
27413
27414
2268636
2546678
156637
2339856
2268637
2546679
77565
1732099
2582961
55656
2546680
2546682
2546695
2546696
2566523
619336
190916
1073561
302185
169784
1839636
156997
64925
471159
499617
2873
633009
633036
632995
633037
633038
633039
633049
1515727
490564
516032
1582145
31417
645385
645386
120994
229062
54989
160021
120387
2518530
1436025
123332
123333
880958
54020
54021
311533
398472
552537
759296
2172687
499907
316177
168754
279649
279650
149536
102309
3108807
91975
465783
168635
372796
484803
2738250
1276540
1276541
2803290
2737814
484804
2588632
556819
7147
763122
2172688
329893
2056986
702397
124283
177274
2109287
351111
1940224
626268
2057810
361155
344925
244474
61357
1503681
46591
46592
2952309
940220
92558
1311437
693229
693230
76838
1312409
1411939
40129
3074273
40130
1920007
246755
146272
190917
1707716
1707717
190918
1707718
1265871
54992
224713
160441
864287
160440
1051066
346249
1425296
61344
61345
584774
368946
138987
1552833
763124
2172689
1637246
154612
361193
427924
45954
318775
1818030
318776
7227
371458
2856114
3023914
142490
2068797
308606
1814175
1131504
1441601
2268639
1441602
1336851
1261550
637520
2751899
580079
1582881
2951280
2268640
1131617
1732101
1732102
869203
60576
7676
39183
39298
290519
471983
471984
1902852
1902853
337425
337426
7586
248952
7625
7834
7647
7648
6427
41799
41798
145477
417073
479699
2052636
479700
1885249
2879
2880
576744
264052
578154
587166
587167
132403
2755565
132404
2268641
394416
132408
45349
105409
110681
500057
1849970
27960
1400848
3023915
1400849
2041662
2041663
1933395
446812
2857157
426077
97259
473311
8047
182427
1407122
2172690
432128
1522333
225312
1676540
1676541
1007044
320376
100194
100190
229144
50791
101204
187653
6230
324880
6228
6388
6390
1351937
2039554
698475
61901
136194
31421
239368
2048782
34882
1049777
876013
106223
1345006
1825702
106224
320617
980326
740695
649620
6623
74794
6586
58666
120427
2589375
798080
6587
251531
203158
267067
10220
228495
245074
3024076
2904513
199725
315584
1450415
195609
1712821
48991
478396
160221
1742618
516942
880886
884645
418316
2304714
69584
69585
494600
494601
1842844
1096453
453145
328560
367449
2751900
760132
418109
7765
1084968
3042049
868590
1922287
1922288
1922289
1521551
1922290
27787
294131
294132
2202327
371445
371446
2268643
429037
1732104
2172691
270543
299522
2572474
95602
556222
556226
128537
401147
2268644
419514
560983
9764
320406
195258
1680846
195259
2486078
2738294
691795
1147041
224716
397946
397947
576236
587145
397951
587147
2268645
1732105
2172692
397952
503072
302098
1920060
1421122
763125
763126
121140
121138
248753
255618
6682
117960
749001
1707830
503029
749004
2937469
117959
314527
498139
503044
503045
503041
503028
431169
1818031
1316088
320604
309546
104714
868043
2708115
2922066
645994
486106
450187
1311546
166745
502949
475722
1927828
309723
6364
2268647
2990510
55659
1582883
500023
645351
192226
1150259
30290
52637
58920
251454
2486365
329456
329455
1261552
868026
329454
1803375
2339886
251455
2268703
2268704
177463
699196
69595
1756888
34886
433392
328591
887193
1261549
887194
329452
868027
1336436
1336437
2671061
2790576
2721531
759311
167814
188451
6151
317547
396355
104737
862924
862925
862926
862927
2172693
42394
6818
290139
290140
290143
102976
673885
6816
6817
2566592
1470159
2931349
427284
488587
588327
488588
576746
13518
868028
13519
279654
371524
345399
161563
2496030
2496033
373284
96839
96840
155694
1732144
1732145
2268648
55115
55117
2865521
2058968
418319
418320
88014
2339889
207948
104702
167815
2841602
181110
181111
488657
488658
488659
1676544
489456
1421133
882827
199553
2951282
199554
1048815
181428
565079
163466
500024
141402
141403
186182
431638
7616
142003
440103
76072
199555
398475
199556
397555
337069
1814178
1814180
1814181
3100107
504421
504422
1002762
1002757
431160
1002764
1002765
1002766
2768321
880625
2589387
2488690
929463
370641
515353
2990562
8953
8954
56350
171294
42015
42016
1124503
97976
97977
97262
522302
104717
43932
2174983
2174984
508131
991039
2865456
283780
560973
344929
1981583
1287638
1287636
2783736
203150
3036308
707972
1421197
1080442
528318
3040091
307615
307616
527956
279648
71483
2483392
996417
366393
102318
1320671
73431
2565296
293911
2547641
2547642
416932
28700
43311
28702
38475
37042
1699485
1521549
2507559
2507563
2547603
2547604
2547621
2547632
3012
87149
81903
30455
28757
68568
160012
203155
8045
8043
235480
1077242
1042646
80720
202828
503042
862105
503040
503030
672030
201684
1129404
1582884
1698634
376764
453336
136690
1037241
1037242
7819
115019
86063
279097
2871266
3085346
279947
29158
1453330
315704
315705
371488
36939
371474
2268649
1732106
45625
732107
732109
360730
178002
315707
732108
65426
315708
314080
178003
360729
96805
457750
1795450
1028561
2268650
2589376
323322
498507
1664046
2589051
69293
1583063
6448
356500
1421124
236548
328593
328594
862912
2721532
2857155
148582
37038
57069
37039
85097
37040
30412
763140
28849
31402
31404
126865
345461
27767
13543
439874
2822698
161044
320395
519540
478256
1267064
767273
27807
1934918
57801
57802
57803
2072693
216125
703304
703305
1182007
2777158
2072698
242956
242957
2841600
702401
390334
8222
214657
1732149
2908827
1154737
649077
1235682
9729
38241
45998
380102
1963000
42017
257579
1583022
509939
560608
34514
2884446
34515
221998
37469
529148
529154
6350
1446102
529209
529236
529245
529249
529267
529288
529286
104710
39821
1746055
397551
397552
715963
1436026
2339899
1905315
429176
1421125
2052637
3053539
34818
195612
174383
33398
436816
2925006
116696
314074
2587256
1131507
142073
2529513
63828
311527
8220
6438
6434
2528196
61710
93049
61711
61712
61755
309596
1078899
222000
397557
547536
1644143
222001
715977
715978
221999
3037300
123344
515657
48456
91970
314522
1582132
105881
1213582
2774
2781
1933096
1392645
83653
429032
168643
39556
29962
1347085
557418
176235
152700
152701
2890921
35689
2877698
35217
2109255
2109256
1210416
1210417
9117
980328
1176151
316224
875776
86361
1209994
378364
1137987
84080
1524982
2175529
190435
936400
279948
1898088
30840
2496351
94797
319453
132410
2268652
132411
132409
475725
655704
52644
239038
6061
145470
6063
6057
1954221
748776
756009
497499
160676
160677
3027175
6452
6457
6453
6455
6456
6454
6458
36103
6459
168648
2099345
168742
1622218
2099346
3065804
674295
95675
86592
254849
323291
535939
986717
201674
2056976
749005
1332853
31490
328595
328596
42020
1336954
114748
163905
259563
489900
213325
1221834
114749
797263
2732485
515356
174384
2039347
174386
1883424
27942
317519
2268654
317520
1436027
199559
199560
2567908
178849
875777
1214375
46594
2951284
1486853
868031
1619589
2951285
1210407
61848
46595
2930575
41212
1732150
1732151
1886623
1765702
2716599
317507
317508
317509
2651143
126592
73376
1162618
2725949
2724434
416828
255320
1209902
1209903
431610
307227
53324
72983
2013576
3042085
10219
40175
88210
106767
135467
486111
764359
76494
76495
2546686
238837
433390
274759
271501
2976924
1746056
870559
470227
1277724
133436
2980178
72675
135421
575620
2795295
2857148
2839853
575621
2857149
1490889
2839854
2172695
2172696
553019
553021
2172736
1522319
453146
205593
1840525
259844
2838349
3055742
1917030
1583027
378380
2034164
115834
115840
2486092
251472
378375
2866183
2720201
1450271
2793147
2793148
367901
7792
397553
397554
88016
6219
2172737
2172738
115850
2698222
2172697
2565295
261858
503036
503047
507446
238038
94296
2827490
57809
503056
503060
503058
869230
6102
30983
72449
274741
192377
192378
94987
120431
2793146
281039
31479
31481
314234
227231
763129
1037268
1277726
655549
1154596
109285
30944
30945
382953
195615
294140
1925261
1925263
1925265
575566
1925269
576175
1925273
576176
1005997
98089
2058488
283778
168745
55824
76073
293903
34558
3085349
68165
356786
236552
2567178
72674
7705
740696
216103
6706
3053595
6226
1468226
478400
1163372
42824
86009
380170
1411943
1436079
199485
2775425
2775428
2775426
294128
169111
169112
158032
1631155
945921
588343
361633
361634
362706
397953
264054
264055
937801
6087
13092
35630
589943
6094
79650
1916094
91348
110820
133418
1928650
55731
216497
1825788
2080594
216498
491212
2080597
279641
2017608
7873
495865
425641
6074
81365
740697
89988
473313
232952
128538
177573
3076204
397955
588329
2996742
707726
748987
2486095
1859092
294118
44328
472255
472258
305783
100192
1045556
202272
300346
160725
57810
57811
57812
879500
320378
161905
3093682
142544
570511
641096
274761
433388
305506
305508
274762
320611
305509
305510
433394
557345
2570680
302051
215385
215386
104680
314239
314240
314241
882817
82762
82763
96806
119198
119199
1170758
119201
2874294
519092
1170759
142076
1868321
96808
1806137
2570225
1806139
3042083
2932788
170993
78100
78102
2487155
78099
185744
1129408
1129409
1130887
1806140
1806141
116671
50557
2172740
2991687
1458131
1336929
2268657
1818032
94535
465791
457876
371473
1240238
167632
27823
27822
371444
399029
587150
553415
44204
177277
926814
153635
547537
29979
195617
200383
798147
57983
7847
110685
96850
2957632
1034349
464687
525544
2172698
96849
1096460
61718
168649
3023947
2056988
371448
371449
385027
2449085
429038
496418
1263189
177226
2865513
217779
1230543
142078
142079
48951
674267
274764
703306
1676547
703299
2798237
13721
206141
473314
314093
217485
320408
34587
348051
8226
1421199
1421200
378372
220382
32588
32589
1421129
1411948
2022691
2510238
645392
243285
2850867
1577760
1577761
308593
308620
2499557
2066897
27615
9752
189350
2547646
187796
1071995
1177057
1885074
1885075
30843
163143
163236
248761
174388
206666
2268659
1818069
8247
57769
57817
160259
319757
196939
196940
2172699
1273218
329450
280688
280689
1859080
864647
73377
1210409
2029591
241163
429181
241167
1699450
308662
2865559
103594
1582897
1582898
546522
1541951
2944004
2944002
2944003
53613
309364
309394
169769
169770
2886
38578
123246
319455
71159
2884370
3000940
319540
81370
2546036
228346
76493
1100066
2716592
2716593
2821047
418360
41792
41793
314518
314523
314520
464346
2597078
394758
2730663
868032
2068827
1678999
2974367
2583060
2583061
8910
8911
35669
126679
328041
126681
28681
179808
126683
37036
119606
57072
119637
126703
126713
690715
128050
119607
126718
32590
1383613
457689
41671
1920011
490554
1641618
290688
3071698
34562
2716594
2716595
3027066
27962
1053873
98090
2600324
397956
587151
297588
1400850
1932351
459049
857500
273004
273005
273006
645995
161569
161570
2925005
632106
2268707
102326
316225
499911
316226
1366060
1366061
645358
645540
1441362
1928866
2109262
37901
2742169
864306
1504303
72690
1421111
868084
868085
2172700
44210
27788
38589
256056
13587
185746
222002
1210411
2172701
222003
328598
177228
120435
195622
195623
433389
515182
55526
413419
430696
256066
413420
430697
2991678
1930656
255539
43054
136981
136941
431636
3014136
247137
2268660
2449087
247138
2020085
2025408
160504
160506
764949
764966
256090
993581
211853
993583
2719131
413421
1583065
214925
239010
44243
1973029
500008
509988
509993
1725247
107732
107733
31248
58364
2546703
2546704
2546705
2546706
7703
2794873
747474
7704
1804705
869223
861511
399075
169788
319758
319759
1604570
472072
279906
314005
73653
2036733
13107
2176023
282297
371468
2870888
1920385
1818033
2494545
371469
462888
380173
462889
355514
182445
557346
1818071
1818072
1571125
96855
142081
173263
1100051
317516
317514
1350355
326734
2752232
102304
1977296
1977305
220646
1323128
220647
220649
1323129
356488
195624
641108
641109
76187
1522348
1522349
509971
120439
428149
2856073
1903275
425103
2172742
167820
188223
188225
76586
146603
1969536
76587
146604
279949
161678
128122
161572
2582962
161573
2172532
246281
162324
109183
2705163
115963
6222
6223
2480081
416976
88926
416957
187800
56195
7571
7574
7570
313353
313354
762645
557236
1779713
183715
980332
1772089
433403
320618
433401
255718
274786
433402
572250
557405
391812
205116
478407
490557
37524
345437
55011
55012
27612
103588
3063793
1902863
61849
61850
174392
397957
6739
31194
48954
529768
48598
48962
1818075
45698
93086
93085
31213
45751
31216
31218
31219
31220
31221
45752
31223
123234
153626
2746560
153627
167822
6616
31500
1642556
655525
319430
279951
419538
116664
707977
707981
507455
507456
2003426
72691
1421131
702830
244422
3036309
225159
225167
225172
225164
2729432
225168
142882
72692
351230
225169
351231
142883
225165
271716
471986
1519984
240836
504423
504426
231595
238044
450130
544704
588330
544705
588331
588332
691253
406540
42655
881239
13115
13116
13117
244482
1843795
60583
133437
105861
2975017
2723838
735369
1818088
61662
104719
2912920
3069265
2790833
104720
2912900
254031
868035
104721
1629150
2743005
557408
980336
428036
2713330
76717
457844
2589377
457845
75026
472077
749008
740700
320591
557347
1521550
433410
557348
433411
557350
557351
433387
57818
215426
1772091
215425
1042649
320593
6522
192014
228471
228477
120440
195625
195626
457830
3014147
134545
44330
188454
381129
188455
153647
153648
1818077
338204
575571
7653
185749
314003
320610
67884
1244575
52799
1421134
1421135
244423
282290
1980407
2175574
278015
35122
620409
220121
138195
557410
557265
557266
1070711
2922071
2930567
3036898
1129405
1311459
30761
120569
2302425
1582885
6581
31203
31204
2489505
2489506
187798
123768
213639
166266
518672
1732111
2925773
2784302
46597
2793150
1490213
1816277
2945586
1436028
46598
1653079
46596
319769
6805
6804
166026
166027
1763821
630738
104704
271776
2980195
1719114
200682
689436
76131
76142
6681
73383
1818035
273041
61845
297444
30960
2951304
2951305
868086
868087
40674
1843204
2606404
184866
1002768
940479
94552
473549
1340153
1746120
75832
75861
70923
361650
70924
447621
3023027
479597
529749
529751
1172988
2721090
253856
913670
1225892
3230134
104738
765720
167828
338246
338249
1631789
2202333
2268664
7609
29226
31436
1235672
2984087
117667
35185
35186
29230
29233
29235
168817
169064
169078
168818
29236
29237
545088
314243
136944
655527
104740
3021366
2855566
2980194
110524
1779195
2547606
569450
181511
2023652
2784888
1100063
2449089
190430
190431
2172704
1305611
1732152
1732153
48143
48144
9773
36166
177487
2880615
55429
2750681
1500384
319443
319444
880960
1077867
88706
1506511
1506516
2268665
1421137
1581554
2830144
371864
198027
371863
242962
55729
572310
572311
557412
319447
58619
76178
323307
27392
222004
2716586
2019425
2716577
27393
2052634
2741448
315597
1920386
315598
1732112
2856107
190426
44397
371420
371421
95169
515971
95170
2857147
2737290
158720
399296
261878
320396
6596
291251
8880
8879
8061
89952
1262094
2268666
140496
149012
1240615
149013
1328066
104706
1723709
2025167
352254
2501294
282296
764940
9758
48708
27617
52114
261862
366427
672227
2304711
323289
290888
856785
1732154
1732155
2449090
2572561
114066
114071
507447
114067
6115
2760912
6116
629697
201644
2802087
201645
2498628
307655
439822
1400852
2268668
1400853
2717049
80721
2172645
1634945
50814
714616
1037237
1983330
868089
1815286
1815287
115842
142807
2507404
378366
2865427
1662033
1732156
1732157
3023920
2779395
2779396
2779397
1719118
880961
106175
89058
88927
1859081
416860
416861
2565773
702409
50417
588345
1932383
588346
94674
88666
9716
1838194
36082
31874
645397
645398
662014
301957
1088538
40255
989235
745720
40256
410357
75128
224089
1980402
94237
27574
30279
3032085
30281
30282
30283
27575
167884
323286
27573
6447
861512
2203281
1582899
1582900
1582901
1582902
3044274
2816933
181114
371443
764944
315606
1582904
132492
2020004
132493
401949
63411
63412
557817
389309
272736
1577742
759325
272737
256103
430716
413423
430718
2069605
430698
413424
430712
413425
413426
430711
430709
256104
497302
430717
430715
430699
413429
430714
30759
34816
72288
1818082
2052639
168755
316203
1538282
48193
31206
30854
136693
177235
394277
394274
2957623
394270
394283
525687
471312
192514
203885
471313
471342
1574066
1458689
2977928
55712
2589378
112138
114968
1421139
320419
376658
2201794
6603
6604
156761
86015
160729
320403
68515
68516
740702
123340
2893515
319543
84322
252580
980339
238839
8097
884646
884648
885933
884649
884651
884653
927766
884654
884655
199197
884656
469448
251474
1977846
1902864
183491
183492
457693
1873480
1919998
1920014
75399
79901
236555
261863
349387
349386
261864
2066905
329448
329449
397460
932923
6547
228497
29161
45971
6548
6549
6550
6551
76263
2339973
76264
371547
136948
2109251
1780200
273008
273009
1732509
645996
273010
2723231
188228
74736
380455
2023989
2823674
212334
862681
94566
153158
2871629
3041308
91654
319541
134923
134924
56069
168759
170198
557352
2970949
43184
44165
6483
6484
1934658
1406394
1934672
1842846
1934685
1088897
462233
1732115
208832
2741757
488662
489473
488663
488664
208830
875791
168762
428032
274772
259618
1177089
372800
42114
1498920
604281
1680847
595970
84338
1032909
586407
85135
586406
1436081
338210
316215
446815
1879264
187768
316216
129183
129182
2771349
149066
169010
6231
188458
3105985
3092289
45351
6217
396357
118167
118170
868090
2716569
2878864
2590762
868091
2664508
119367
119368
119369
211078
119370
197018
57829
57830
2653057
2653058
3351539
142514
133718
120913
371452
371453
318810
318811
1886390
1280515
1077244
1541962
1879014
2030960
2030961
223649
223651
223650
1676841
1267489
320439
756386
159598
756387
1654353
2491106
177237
491783
576632
502968
2972434
167012
6828
6829
36119
36120
714602
714603
714604
714605
714606
714607
36121
714608
492768
714609
397560
714610
714611
3096719
585942
620478
167137
620489
620494
481894
620504
39820
222005
222006
329446
868038
329447
2486080
6351
2600293
194549
2991677
981112
335489
880888
117523
55015
159947
537806
2790544
1027435
509938
488666
1421100
303125
630687
1154598
876015
2951288
876016
273039
2138295
1561082
136793
2734675
2734676
318789
1818036
649692
318790
255530
2965
177492
2915931
215399
3242574
80363
80364
257607
143895
169113
169114
2013580
123232
104742
2708116
937803
167831
397561
329462
7857
123257
251694
1453333
431163
1002769
51626
51627
51628
51630
51632
79024
47128
2589379
1582886
47129
1345009
61334
120443
437803
102325
120444
129185
856330
70849
418324
279957
161676
220385
282298
410342
413430
8901
209423
57295
2268670
136195
2773416
2172707
314517
37520
185004
32570
761544
1633468
367915
79653
52123
79631
126866
52124
79632
79657
1916084
79633
146274
213425
708507
1017313
1560468
1842847
1421141
1142174
3014138
2599128
37712
6638
6647
215451
61733
61732
1582096
6643
37652
37654
37655
2594316
283371
556804
282366
2565734
282367
320620
199561
1045393
2152920
418334
199562
868039
177493
177494
904394
177501
181113
6743
318792
65492
554630
187724
231370
2018477
576917
1213269
2486879
34763
1145023
136191
324873
71367
2555905
3080425
1432314
993611
1522364
1305613
328409
328410
459050
459051
459052
604253
6626
557835
349673
1421145
71283
71369
76168
1639828
71370
360537
360538
3121279
8016
8017
8018
8019
8022
8023
74940
177504
242954
242930
399994
707136
707137
169110
271768
318793
2066900
759326
34565
61726
392295
72292
1096461
662000
36123
205107
875966
195260
36124
36122
73385
2486695
190468
937804
72732
72733
2951289
133741
41169
154020
533354
1795456
154023
154024
875770
319751
94930
94929
319755
7623
55617
1933097
1815137
225387
1622183
115846
1316112
1316096
35051
35052
869194
1815188
2705304
1815189
1815203
1570319
1570320
1077063
869238
2594182
869240
70180
331095
70181
1266684
48547
72672
869195
72673
1622213
861515
35054
7618
61612
169108
864291
169118
169119
169120
864295
169124
476928
199563
170204
418325
418326
167140
163134
1604631
38362
337810
195263
2951290
195264
46603
46133
92170
1417808
2268671
587174
587172
587173
9733
46529
553029
553030
553066
3180567
763128
136950
1647518
305512
314504
1631756
314505
314509
386100
1940113
283776
283784
8012
8014
290685
217287
217286
1499620
6670
37858
74445
37623
627230
6563
9702
2268709
3053547
398492
6347
39832
472263
472264
1622186
1622187
241331
283619
283620
1076710
8884
94600
94603
307936
557355
557356
168764
168765
123861
123866
123867
72630
135190
1902871
1421142
157004
1769963
6745
177239
654594
177240
6744
6746
1070702
1933386
2951962
190158
1933387
174397
1933388
1070703
2172708
1070704
519093
174398
1933390
111067
654600
189339
654601
2058913
519094
2058916
519095
392227
338212
1428691
272468
390956
645159
647170
2939181
1684132
510504
2172709
2855567
6731
71372
740932
1208876
1208877
1208878
1208879
700709
700710
700711
2822
6701
1732159
6702
6703
397975
397964
298721
397976
242778
397977
397978
263425
397980
98109
3122099
27799
56262
429183
2172710
1622214
183490
2268711
396330
1049056
168768
433740
6734
6737
6735
1699498
163471
1240616
883820
1267145
2172744
1447024
1447026
7700
7656
294137
2175103
1305606
1131516
57845
1068900
2172746
1814186
759347
1577747
759348
278006
2042163
1436030
136185
409298
1169133
155709
318094
722762
588348
3019978
3019980
378376
378377
503057
503061
1920393
30872
172714
147646
30873
394766
1922336
172138
171414
8254
319776
1154600
557357
557360
557361
2563672
6741
273748
1305607
324080
2486886
222009
230322
74741
212338
74742
329444
329460
2486082
3055741
187731
1763822
187732
187735
161575
764587
161576
1857756
578577
251440
2757677
397593
2042165
2715607
445224
536239
472138
472139
880236
199565
1045422
1045423
1468194
1535804
3069266
764951
1859083
1816279
1562708
366441
2865419
2844366
345463
1239272
1239273
178858
117989
1307125
399292
90914
2068798
1241909
2449124
2449125
2094454
1732345
248469
248481
1633897
2757691
320401
2779387
172659
471317
177514
1983795
2836393
2836394
120447
120448
1676567
1676568
561464
561465
881242
881243
2884056
717805
749188
98098
397987
1130888
98099
161624
88005
294744
46514
478413
478414
2817658
6579
363722
2567161
260746
104750
6566
106219
43122
43123
942563
400838
715980
50953
9205
33618
37043
2496142
2029601
589681
1285368
87158
2048665
87159
6685
124139
124140
318096
2899240
1399333
1150262
1820127
6133
86579
42390
42391
869196
1382469
707980
1100055
103596
320412
1323121
8111
2529398
294135
3137456
126650
59559
460893
179961
880221
3103259
61332
2675868
111867
2851995
111868
2841606
1421146
1434781
2892
2893
2066693
2138294
156638
183502
345466
84661
123871
88211
123877
1843537
7757
7746
329477
2716583
188463
188464
2878863
173456
168771
2870
243267
37045
9206
9207
2723871
146612
2983578
2528785
227174
279952
240204
227175
187769
305784
100200
556846
114957
457663
2183134
74860
41796
41795
211858
211859
57073
307612
1154721
97277
71504
71505
1150974
259623
71502
1131620
1582887
1131621
1732118
1450318
388406
3014140
84324
9720
9709
9742
9740
9744
521259
54023
65386
52915
52916
56724
740703
283367
283028
222012
2594901
318818
2594902
222013
328599
868093
1093073
33504
67897
33505
115423
478209
492056
120318
492058
490051
128483
210573
1732295
1732160
2340016
2567277
1732161
882857
373306
317541
2449126
2449127
13207
13208
343978
1871143
314082
2709375
472282
116681
472155
1934717
371500
371501
35160
881573
2565741
136796
114759
326378
315403
352249
2025170
673209
2172747
2172748
1622215
1242985
329443
2486090
1436077
329442
222015
1981576
2855596
868040
880432
1818037
3027071
195257
1458133
174407
42389
493932
55485
403039
2072979
55486
104744
104745
272999
222016
2022723
9755
9750
181407
2048758
740704
2078597
168779
1738904
1818080
1818081
2885
357040
6218
2784323
483406
483407
764043
2093533
2795077
764037
2093534
66713
111169
1380992
3072905
84655
3023961
585913
2567317
3069622
2115853
3023957
2737877
3070219
585922
3069623
364893
84654
199567
418336
496820
557278
307609
1340058
2951292
74079
7610
7611
189915
7612
60957
60958
761936
2944259
874270
98305
192237
127832
331102
192231
192233
2953006
115848
2006571
115849
2006575
104724
279652
2716570
876145
3023927
868041
115817
345387
138986
1933399
71497
430707
479859
479860
1986324
2202540
106762
6166
195632
6157
1194740
1844873
6358
1816280
868042
6359
740705
472198
57849
460886
645537
186178
34498
34499
404816
2340904
192379
148583
748990
503052
503035
503034
641111
8256
8252
320380
195633
269452
320379
195635
309362
371489
1298639
41698
321259
42794
1755686
1917404
308573
401960
308574
171273
649060
378369
1818038
1209997
3023928
1675620
37050
80367
85099
30448
9252
371460
2866070
371462
553031
84318
6096
114961
2589380
141399
141401
141400
320612
980341
77188
273030
273031
307605
41324
219135
1096455
1405021
584776
8060
37804
36137
581059
372810
372811
30298
71375
1451301
1298705
1298707
1298708
71317
6341
2172750
516039
2793144
2716585
1311521
880433
1037304
2716591
1037238
6163
320382
1167212
46601
438488
1495204
1167209
188466
1436031
346530
394770
283556
98308
31391
1210430
1210431
46593
2596648
104727
168780
6091
54968
222017
222018
6650
173544
394106
30863
1928863
2172751
2172752
310552
2094511
3154172
2094512
587159
1305619
73929
1857345
576229
1130890
399047
880239
556853
115613
84660
96810
262335
96870
2724371
2865413
262771
45384
6040
557414
88707
88708
473329
228508
228509
2784
557264
1458135
372818
210409
187757
519010
519086
105414
36126
410346
1219297
145636
145637
745770
745771
1034834
1515649
1515650
2872597
135261
135263
236571
236572
1732120
273037
868044
1818039
862916
2066681
316184
645363
33467
37847
37621
2865397
472283
371520
328425
7815
2724441
128579
31457
459857
469967
507517
516004
507518
3050094
2803291
2738260
3069267
3050093
94675
320588
184447
323327
323328
2968155
79639
30451
30449
937756
122239
199203
122240
884659
199206
199207
199214
884661
342621
342622
342623
342624
2036720
1129509
1005906
1732121
525471
191633
2606248
2606249
744555
2068800
509990
1421202
1421203
1421204
1345010
195267
433737
418339
418343
983669
983678
2904677
2497130
205117
205118
205108
1619270
1619271
3094670
868045
394771
205110
254032
3019977
1305614
1891978
2336533
2340032
91655
91656
123331
329440
329441
2762064
868046
363316
7659
7660
61354
1977847
1458684
3097291
707735
316144
195639
509986
509987
1037270
60590
2056992
2056993
240833
186180
2056997
2056998
41953
503067
170824
119371
163483
148993
119372
119373
82866
1267151
2056980
356926
42385
42212
94596
1582888
1002773
244491
1077929
297446
297457
329439
2486083
2030973
257887
997029
997032
2803292
997039
2304607
997042
997045
997030
279638
1743242
279639
371503
82174
1686019
366425
42397
869225
1986319
1986320
2172754
2268677
868586
1494733
36323
42201
868587
7201
7197
320384
980342
320385
1219345
136951
331099
105873
105949
224953
2099794
329436
1261551
329437
1744886
102630
70838
1911541
37063
53668
53670
37066
53674
53679
944221
53681
1032649
977783
173461
413198
413199
413196
34543
283052
559548
169782
641289
2999119
3023929
161601
110474
320440
153248
110475
1914961
1538289
28706
30453
79642
48688
217478
27407
553012
553013
504418
553015
235482
205513
744600
1421148
2268678
303581
707130
707131
217751
57294
261973
261975
373310
7614
51278
51279
252581
252582
160015
2917844
177518
2268679
2510247
2510248
1550678
1752068
1752069
1094566
76844
76845
569440
569441
61738
61739
61740
323292
111863
2980202
1920388
1809752
185748
2794872
503073
503076
2086588
274767
274768
980343
2109557
7780
31336
31334
3069667
3069668
43053
693202
55521
2777830
358443
1028680
358444
2570992
105876
301822
367924
367925
227236
111784
305630
490280
305631
6135
557398
557396
557399
626272
1052094
158038
1421149
2951298
216313
147100
472225
27901
120452
232425
232426
232427
100202
92609
283636
1577766
274755
248476
259920
151723
2777194
557365
446837
174408
174409
153628
108123
3053596
314511
162072
221846
1664060
880396
1037305
39576
748559
41701
497494
47983
2560038
1495100
2172756
2172711
431599
27915
6426
557417
1846219
75485
195038
696269
195039
696272
696273
122955
176892
641099
1803971
942552
1920016
426597
320398
428030
1622141
306441
70207
252569
2449100
765041
104385
129788
872514
84341
178865
13662
227184
2507409
2507410
51258
51259
85702
251481
251482
1436032
3023930
36125
6368
6366
2052633
741001
309358
1616837
36129
188470
10222
31193
10224
191762
136490
341130
341131
319782
3036901
2992935
869242
3070212
10230
52901
797260
344933
398486
8030
8015
942553
942554
942555
34759
418341
418342
1045429
418345
8039
1131445
2019426
1131446
1109338
749173
862111
2949293
749181
31447
8231
28381
3015
236062
74089
74468
129344
274777
2172758
6078
576748
264121
178846
633157
2724444
410349
1129274
311201
1118800
1183106
1421151
195274
2930580
195275
195271
479185
1646129
1525074
108001
413665
108002
108000
261846
261847
450132
507452
2056984
32584
188471
868047
948928
188472
236573
236574
1732122
236581
310045
1443242
97281
97282
541226
97284
544679
2589381
2773337
38367
1262062
1262068
30870
472203
268582
268583
1885073
1222194
397989
585952
2072707
46604
121143
883821
201676
121142
544706
544707
95535
463313
547552
2461490
3082511
3019975
273007
880434
46605
13675
13676
99342
8224
1489894
172121
1519994
172122
436885
1076264
123230
94934
319445
172127
319750
72113
72114
52273
8108
320400
2665651
168787
665964
665965
2922076
97287
52922
204053
198229
626665
3027073
6142
504435
2893505
27966
27967
34820
214485
72055
72056
72057
72058
72059
394687
72060
72062
72063
72064
394688
72066
72067
394690
2603974
72069
72070
72071
72072
72073
72074
72076
72077
72078
72079
72080
72081
72082
72083
394693
72084
72085
394695
72086
72087
394697
72088
394698
72089
72092
72093
394701
72094
394702
394703
72095
394704
72096
72097
72098
72099
394705
72100
72101
320568
72102
201707
72103
72105
72106
72107
72108
274692
8109
72110
8110
6143
457823
1920018
2172713
94629
94630
261876
241346
1231121
479765
397990
111522
302047
515231
445497
249367
357160
344939
249369
51280
30871
1132912
1980403
290102
308611
662003
1035492
662004
662005
475738
308590
662006
308610
1746139
1806138
722766
64469
1925283
104729
2951299
328601
104728
115838
3023932
3053536
2066903
328602
329435
91969
489117
1230549
489118
798082
93836
1560200
1421120
3014141
1884251
940442
357068
3242358
3027176
2951098
2951099
98310
1522352
1492912
57642
520981
1859609
6433
6440
236579
3091174
1233837
702840
1538291
2510240
2951300
648622
3178273
1286741
7597
105863
290515
655537
655539
7598
642806
102394
13268
165599
251532
194331
6585
84684
228863
1005905
84683
231996
106232
2172714
2099357
168788
515654
168789
2203292
497513
76058
191813
305516
73384
328987
48481
1818083
1898690
47133
52888
81617
41317
72724
72725
271710
1638909
75838
75842
557426
576841
27947
117520
117511
39374
717716
1712822
222062
1712805
222063
948934
2576333
2952308
156277
1814192
96875
1814193
96822
168791
2015894
2747905
2015895
199569
418347
199570
418353
418355
457834
1920019
55125
7822
7823
3019973
201681
506033
1932388
450133
450134
357529
2059382
2716601
1719116
2803293
990114
2803294
326177
398487
2025174
326178
352250
46599
507533
696727
696728
2079788
696729
696730
2738261
443727
260508
2082999
397992
1620914
397993
397994
1620915
2449102
2172715
397996
1620916
397997
6582
549451
31201
6584
31202
196632
7797
7798
170825
2175902
1279102
2547613
283639
1006789
319772
9737
9736
46167
91657
91658
32602
413436
541227
317524
1732125
1732126
3023933
317521
316222
2567786
645353
54057
54058
54059
54060
560609
184449
471862
297817
297819
108405
555356
279953
36132
1654351
2931363
868048
36133
68500
81872
81873
81875
320404
55701
2172716
55702
1210413
328605
83989
30892
980344
335722
3085351
1522354
419530
7720
75390
320410
320411
123351
48438
320409
168796
634929
1929765
478421
1131447
2200895
2716579
95537
95538
95539
485361
472267
472268
692445
418356
418357
120460
7671
7670
7668
129062
7724
1440457
7725
323290
30291
7726
1155209
2860268
7721
2939586
152571
520367
2172717
41694
520389
2172718
136953
86581
1214922
1323139
149071
149072
159566
159568
159569
150495
31256
31251
31257
1385436
220133
1981577
545364
86007
3053598
248475
248757
248755
248478
509852
56068
218701
57661
37087
57662
316191
216505
3097292
763459
1009717
56443
103719
122238
418358
418362
762664
418359
378360
378361
906918
868049
418361
199572
1761655
418363
418364
418365
868050
418367
418368
418369
1986303
418370
418371
2724082
418373
418378
1045436
1045437
418379
906917
418380
418381
123339
319542
2506487
2724447
2724449
308614
111872
125832
7702
2094513
2094514
875780
740935
740936
2739151
72045
129912
362380
320413
350043
123897
2461328
1235675
123898
2924086
320415
371479
28707
28708
43307
28709
371480
2449110
885019
2420062
7205
319451
282292
457827
2175531
583367
553035
492049
92169
1235686
75398
314085
314087
314088
646288
373317
72532
288802
78437
55421
42241
2905275
91660
1795451
55027
1017320
87965
512251
546942
2865416
2865393
6467
80344
80347
80351
1495004
55029
80357
3031189
32443
360973
1411926
59234
1421102
52798
291372
324081
261851
544695
588349
588350
1920068
1242986
1131437
36114
2248421
1131438
1037239
1765706
553713
34513
7580
263429
528344
149074
2126142
281732
283519
23274
337053
311010
32276
1051621
316150
329739
13720
77592
307672
307674
307676
307678
2836748
307681
35726
7787
515659
551290
279101
279102
905935
600356
97293
97294
54024
273018
273019
2589731
126723
140487
132501
240832
1732170
34761
30304
883837
883838
876024
3019974
36106
36107
868051
2172720
6435
1421717
587162
281725
55033
120472
1230554
2583332
287936
942565
557275
1280054
1280055
1280056
664466
2676875
228489
2268685
741002
1411927
228491
1222188
228488
105695
556867
2172722
308615
308616
8235
8236
8241
8238
183497
244496
1697963
439877
183496
766170
2172723
1933098
869204
869205
2172724
210808
48145
169011
210626
210625
409302
329973
2726472
2060207
329972
168798
168799
662019
662020
214114
1563187
6832
1570309
380117
2887294
380119
1345020
1345021
41042
291242
345375
1417813
2340082
2172760
397573
2985258
256057
1421152
256058
1503219
1366313
1421153
541228
1273265
575625
1720764
81393
81394
320416
271940
216360
43183
39433
2841255
2449132
205112
321962
205113
868052
3070208
102882
102883
31207
31208
1129275
30493
2865465
991043
2172725
13733
36113
153654
1680849
2716567
2248427
209541
211822
335758
335759
2963487
2963404
557834
2056981
557839
1573627
433386
433391
274770
2909558
453449
981059
1637245
161739
507599
161682
507600
279954
76175
252570
1394503
123242
242287
123243
105366
639601
639602
1934904
1973334
1934731
1934732
1934733
1934734
1934735
1934737
1934738
3023935
70852
763133
1676591
2780533
2268714
2268715
2496348
2282378
2597375
1835783
1675654
1676571
1675655
102404
55853
76240
76246
1986322
418382
1986304
1986305
418384
2268717
65432
2268718
2268719
6386
132502
251504
188241
883179
883180
883181
449241
883183
883184
188243
883186
626341
166029
88944
1666974
947580
187814
187815
37519
37517
365324
365325
1052003
63671
177531
177532
38560
128512
2844370
308579
502953
9739
345469
872509
166768
588352
1629973
37526
43940
1241584
83795
3116
63410
63409
3117
1350363
1399336
307063
1141226
320399
167838
1818105
1859086
3014142
74381
507453
507454
503066
503069
177246
177247
1582890
479409
1882547
1267414
2268688
6431
6432
13746
86675
525690
399971
264721
317545
317546
1732128
1920389
1732129
1436033
45620
2651044
57901
57902
45621
417072
1264739
386596
882895
2931858
3032570
55288
887199
887201
2902804
335805
120474
156641
156642
293999
264060
2572476
1676593
2048766
6592
104386
1028563
2292267
55714
380120
55715
1400854
1400855
344942
344943
363322
164414
2053991
1562522
1585634
371509
692447
472291
472292
258047
875782
473336
58814
1399339
86580
1502571
2890920
2797902
316218
316230
499912
620738
413677
2172726
1267514
560993
193289
193290
2589382
193294
2094516
2094517
1522360
1508059
6779
342082
342076
2056994
6778
274779
274780
299564
2587261
1194745
2486930
585961
2981291
662007
8245
283024
283031
1261578
1049057
195660
2068801
2737451
1421154
61337
129187
102396
1472676
439871
102397
1345013
439870
1421207
2918938
100204
9704
30984
274742
274743
283621
320590
540279
512256
1154715
94939
740938
1464556
764953
2497993
9756
9760
86595
105401
8193
8192
2856547
27257
29655
143325
166045
2480077
187762
475720
