129035	129035
36217	36217
13323	13323
86203	86203
557403	557403
1843782	1843782
75014	75014
7908	7908
7904	7904
740689	740689
428027	428027
83392	83392
1036540	1036540
1038686	1038686
1675535	1675535
88653	88653
170189	170189
314245	314245
319752	319752
433393	433393
320457	320457
57979	57979
57980	57980
7852	7852
34773	34773
160542	160542
315322	315322
215382	215382
100186	100186
1045555	1045555
72546	72546
433405	433405
307589	307589
332922	332922
314002	314002
531320	531320
1154603	1154603
1225888	1225888
320623	320623
88656	88656
229290	229290
557333	557333
172142	172142
497157	497157
1154592	1154592
57779	57779
57780	57780
2499414	2499414
875792	875792
875793	875793
1431508	1431508
428037	428037
263691	263691
181459	181459
473348	473348
260512	260512
260512	1311414
81868	81868
81869	81869
68504	68504
875771	875771
81870	81870
319440	319440
283624	283624
274758	274758
433399	433399
322683	322683
305505	305505
1738886	1738886
1638735	1638735
320586	320586
195645	195645
428034	428034
238741	238741
1311532	1311532
259703	259703
240152	240152
217026	217026
217026	349649
13353	13353
13353	1780175
2048720	2048720
121280	121280
196127	196127
243721	243721
740690	740690
492034	492034
303686	303686
2590964	2590964
88660	88660
181397	181397
1074457	1074457
319449	319449
433408	433408
557335	557335
433409	433409
433407	433407
863441	863441
466962	466962
875769	875769
557336	557336
473350	473350
1188226	1188226
274808	274808
1206983	1206983
341242	341242
341243	341243
341244	341244
1154593	1154593
341248	341248
2169489	2169489
341251	341251
1126214	1126214
492030	492030
1897793	1897793
875785	875785
433385	433385
1154594	1154594
1738883	1738883
1197456	1197456
123335	123335
242940	242940
980325	980325
573213	573213
1182146	1182146
241346	241346
123245	123245
740691	740691
1154617	1154617
557338	557338
390675	390675
2048771	2048771
314000	314000
100188	100188
215352	215352
490248	490248
334377	334377
2725362	2725362
1311538	1311538
320621	320621
173313	173313
173306	173306
173346	173346
173314	173314
303933	303933
671158	671158
202609	202609
671159	671159
46612	46612
302049	302049
7807	7807
13397	13397
2710875	2710875
796014	796014
433400	433400
1154595	1154595
274785	274785
740692	740692
181404	181404
319436	319436
319437	319437
717990	717990
181422	181422
2546099	2546099
271503	271503
123342	123342
862823	862823
160733	160733
740693	740693
206108	206108
875772	875772
714659	714659
57982	57982
88671	88671
443685	443685
740694	740694
412639	412639
302054	302054
603439	603439
29144	29144
302055	302055
68509	68509
1197887	1197887
938382	938382
546515	546515
307590	307590
307590	291359
307590	938383
320392	320392
2048773	2048773
740928	740928
1154619	1154619
2048724	2048724
274688	274688
388628	388628
320615	320615
433395	433395
283635	283635
27585	27585
173338	173338
320383	320383
231457	231457
319774	319774
319775	319775
195600	195600
185732	185732
255560	255560
459045	459045
304258	304258
459046	459046
459047	459047
283633	283633
30724	30724
30724	476916
319433	319433
129043	129043
1126216	1126216
1010703	1010703
8130	8130
642431	642431
13454	13454
34814	34814
83390	83390
2048726	2048726
76798	76798
83391	83391
216980	216980
216981	216981
83387	83387
1972140	1972140
214914	214914
214916	214916
557343	557343
433379	433379
412659	412659
314006	314006
319749	319749
1003719	1003719
316137	316137
48441	48441
48443	48443
48444	48444
48447	48447
48449	48449
48451	48451
48453	48453
556252	556252
50794	50794
320393	320393
666531	666531
875787	875787
274783	274783
492021	492021
875773	875773
2587260	2587260
160710	160710
320418	320418
1074458	1074458
91653	91653
2048735	2048735
223143	223143
229062	229062
223145	223145
123333	123333
880958	880958
875774	875774
91975	91975
372796	372796
1415272	1415272
88682	88682
114854	114854
700631	700631
1311437	1311437
2696596	2696596
308079	308079
224713	224713
2578276	2578276
173247	173247
7834	7834
446812	446812
473311	473311
182427	182427
320376	320376
100194	100194
100190	100190
229144	229144
239368	239368
2048782	2048782
879482	879482
879484	879484
320617	320617
980327	980327
740695	740695
245074	245074
195609	195609
160714	160714
160722	160722
418109	418109
7765	7765
270543	270543
320406	320406
1775713	1775713
253860	253860
1147041	1147041
224716	224716
320605	320605
689953	689953
1581699	1581699
1868326	1868326
1311546	1311546
166745	166745
293913	293913
433392	433392
305515	305515
55117	55117
565079	565079
8227	8227
507566	507566
2488690	2488690
182429	182429
215343	215343
875775	875775
882833	882833
293911	293911
334378	334378
28757	28757
1042646	1042646
1042646	442960
80720	80720
7819	7819
86063	86063
33528	33528
69293	69293
69293	481459
69293	481460
69293	481462
13543	13543
320395	320395
57801	57801
57802	57802
57803	57803
242958	242958
390335	390335
8222	8222
214657	214657
195612	195612
2587256	2587256
63828	63828
311527	311527
1365558	1365558
123344	123344
48456	48456
980328	980328
182437	182437
875776	875776
86361	86361
555489	555489
555491	555491
1010788	1010788
319453	319453
241331	241331
317475	317475
870551	870551
870552	870552
241297	241297
241298	241298
239038	239038
875777	875777
765186	765186
320402	320402
433390	433390
271501	271501
880959	880959
470227	470227
7792	7792
1072509	1072509
342441	342441
57809	57809
274741	274741
192377	192377
192375	192375
192378	192378
94987	94987
314234	314234
109285	109285
1154596	1154596
2048742	2048742
30945	30945
195615	195615
938391	938391
293903	293903
454056	454056
1366891	1366891
272788	272788
1604544	1604544
2578290	2578290
740696	740696
390340	390340
2036876	2036876
7873	7873
1111163	1111163
740697	740697
89988	89988
473313	473313
305783	305783
2488746	2488746
100192	100192
1045556	1045556
182223	182223
300346	300346
137520	137520
2067536	2067536
160712	160712
160725	160725
274775	274775
57811	57811
57812	57812
879500	879500
161905	161905
433388	433388
305506	305506
305508	305508
274762	274762
320611	320611
1907657	1907657
305509	305509
305510	305510
433394	433394
557345	557345
1633427	1633427
2570680	2570680
302051	302051
215386	215386
314241	314241
882817	882817
185744	185744
990596	990596
862898	862898
195617	195617
13603	13603
13575	13575
57983	57983
7847	7847
466148	466148
274764	274764
13721	13721
2726520	2726520
473314	473314
1311455	1311455
206142	206142
320408	320408
348051	348051
8226	8226
163143	163143
274812	274812
57817	57817
319757	319757
546522	546522
38578	38578
319455	319455
319455	1519979
717803	717803
517134	517134
123241	123241
1519981	1519981
319540	319540
104631	104631
81370	81370
2546036	2546036
2546035	2546035
228346	228346
2804332	2804332
459049	459049
13587	13587
185746	185746
195623	195623
433389	433389
515182	515182
2804333	2804333
2499219	2499219
274777	274777
443636	443636
980417	980417
214925	214925
1077868	1077868
1604570	1604570
319759	319759
314005	314005
355514	355514
557346	557346
301819	301819
980332	980332
433403	433403
320618	320618
433401	433401
255718	255718
1562383	1562383
274786	274786
433402	433402
572250	572250
557405	557405
170193	170193
123234	123234
314249	314249
319430	319430
740699	740699
81373	81373
164018	164018
1519984	1519984
232977	232977
722640	722640
557408	557408
428036	428036
319431	319431
697225	697225
455479	455479
320609	320609
290247	290247
75026	75026
740700	740700
320591	320591
557347	557347
557348	557348
433411	433411
557350	557350
557351	557351
1772030	1772030
215428	215428
433387	433387
57818	57818
215426	215426
215426	215428
215426	215429
1772091	1772091
215425	215425
320593	320593
195626	195626
314003	314003
320610	320610
319763	319763
557410	557410
1311459	1311459
206124	206124
319769	319769
13604	13604
630738	630738
433396	433396
200682	200682
879508	879508
57822	57822
879510	879510
76143	76143
30960	30960
30960	558705
30960	558706
223211	223211
473320	473320
443640	443640
68502	68502
314243	314243
57985	57985
319444	319444
880960	880960
1077867	1077867
700637	700637
242962	242962
1459833	1459833
181410	181410
557412	557412
94928	94928
946562	946562
320396	320396
2100598	2100598
89952	89952
80721	80721
875789	875789
1738899	1738899
1634945	1634945
50814	50814
880961	880961
89058	89058
740930	740930
57987	57987
1983395	1983395
1579277	1579277
86366	86366
2169563	2169563
94237	94237
2005067	2005067
34816	34816
48193	48193
1368618	1368618
875778	875778
320419	320419
376658	376658
689952	689952
160729	160729
160731	160731
320403	320403
740701	740701
740702	740702
123340	123340
319543	319543
86358	86358
238839	238839
8097	8097
319944	319944
179978	179978
91654	91654
319541	319541
557352	557352
492032	492032
1213697	1213697
671162	671162
875791	875791
428032	428032
557353	557353
446815	446815
173244	173244
557354	557354
118170	118170
57830	57830
2653057	2653057
2653058	2653058
882844	882844
88701	88701
630687	630687
1154598	1154598
59659	59659
1003968	1003968
143895	143895
123232	123232
7857	7857
123257	123257
57989	57989
320620	320620
328410	328410
459050	459050
459051	459051
459052	459052
30962	30962
30962	69121
30962	72053
30962	72054
30962	335690
30962	453924
30962	453925
30962	453929
30962	490388
30962	498614
30962	498615
30962	1264881
8017	8017
8018	8018
8019	8019
8022	8022
8022	857568
8022	857569
8022	857570
8023	8023
8023	8024
74940	74940
242955	242955
1154599	1154599
2499217	2499217
412658	412658
875770	875770
319751	319751
319755	319755
57841	57841
225387	225387
259987	259987
681939	681939
170206	170206
163134	163134
1604631	1604631
8127	8127
305512	305512
1181261	1181261
476919	476919
283620	283620
293902	293902
293902	1003767
557355	557355
557356	557356
436884	436884
740932	740932
57799	57799
57845	57845
879516	879516
184437	184437
172714	172714
147646	147646
30873	30873
1276500	1276500
319776	319776
1154600	1154600
557357	557357
557358	557358
557359	557359
557360	557360
557361	557361
2563672	2563672
565092	565092
320401	320401
172659	172659
717805	717805
257887	257887
320412	320412
305784	305784
100200	100200
740703	740703
283367	283367
283028	283028
882859	882859
1986968	1986968
641294	641294
2048758	2048758
740704	740704
1738904	1738904
879518	879518
195632	195632
129059	129059
129059	2608457
740705	740705
170202	170202
57849	57849
192379	192379
641111	641111
269452	269452
320379	320379
320378	320378
320380	320380
195635	195635
320612	320612
48699	48699
473327	473327
320382	320382
272801	272801
262771	262771
45384	45384
557414	557414
88708	88708
143334	143334
7815	7815
1897800	1897800
320588	320588
184447	184447
1577861	1577861
744555	744555
160740	160740
348696	348696
91656	91656
123331	123331
316144	316144
195639	195639
301820	301820
1072482	1072482
170824	170824
2048761	2048761
319454	319454
980342	980342
320385	320385
557364	557364
1219345	1219345
651723	651723
443808	443808
641289	641289
134920	134920
134920	134921
185748	185748
274768	274768
980343	980343
215407	215407
301822	301822
81389	81389
1206991	1206991
111784	111784
490280	490280
641292	641292
516980	516980
305631	305631
641296	641296
100202	100202
882883	882883
283636	283636
259920	259920
151723	151723
933223	933223
557365	557365
446837	446837
86375	86375
1048762	1048762
1311561	1311561
557417	557417
320398	320398
88713	88713
428030	428030
1622141	1622141
700664	700664
320607	320607
459053	459053
13662	13662
136490	136490
319782	319782
8030	8030
8037	8037
8039	8039
8039	85063
8039	85065
8039	423371
8231	8231
28381	28381
28381	298279
2590966	2590966
13676	13676
99342	99342
99346	99346
1519994	1519994
436885	436885
1076264	1076264
123230	123230
473332	473332
94934	94934
319445	319445
319750	319750
72114	72114
1317704	1317704
874434	874434
52273	52273
320400	320400
214485	214485
72055	72055
72056	72056
72057	72057
72058	72058
72059	72059
394687	394687
72060	72060
72062	72062
72063	72063
72064	72064
394688	394688
72065	72065
72066	72066
72067	72067
394690	394690
2603974	2603974
72069	72069
72070	72070
72071	72071
72072	72072
72073	72073
72074	72074
72076	72076
72077	72077
72078	72078
72079	72079
72080	72080
72081	72081
72082	72082
72083	72083
394693	394693
72084	72084
72085	72085
394694	394694
394695	394695
72086	72086
72087	72087
394697	394697
72088	72088
394698	394698
72089	72089
72090	72090
72092	72092
72093	72093
394701	394701
72094	72094
394702	394702
394703	394703
72095	72095
394704	394704
72096	72096
72097	72097
72098	72098
72099	72099
394705	394705
72100	72100
72101	72101
320568	320568
72102	72102
201707	201707
72103	72103
72105	72105
394707	394707
72106	72106
72107	72107
72108	72108
72110	72110
8110	8110
146146	146146
179364	179364
179368	179368
302047	302047
302047	1841481
173321	173321
515231	515231
1955183	1955183
237562	237562
557366	557366
290102	290102
91969	91969
91970	91970
48457	48457
305516	305516
557426	557426
168377	168377
1329245	1329245
875779	875779
55125	55125
740708	740708
55127	55127
7823	7823
7824	7824
7824	7825
7824	40579
195335	195335
443727	443727
260508	260508
7798	7798
170825	170825
1350521	1350521
1268096	1268096
283639	283639
87100	87100
319772	319772
91658	91658
123240	123240
184449	184449
81873	81873
81875	81875
320404	320404
980344	980344
320411	320411
129062	129062
409996	409996
509852	509852
882189	882189
123339	123339
319542	319542
2039247	2039247
1812872	1812872
875780	875780
740936	740936
362380	362380
320413	320413
2576040	2576040
350043	350043
320414	320414
320415	320415
123249	123249
885019	885019
2420062	2420062
319451	319451
492049	492049
302046	302046
443728	443728
91660	91660
1051621	1051621
316150	316150
13720	13720
7787	7787
239048	239048
240832	240832
8235	8235
8236	8236
8241	8241
8238	8238
875781	875781
173332	173332
320416	320416
271940	271940
30493	30493
13733	13733
13733	487156
209541	209541
88147	88147
55553	55553
55557	55557
433386	433386
433391	433391
242287	242287
123243	123243
129077	129077
129077	129078
166768	166768
320399	320399
173317	173317
40664	40664
86675	86675
1213718	1213718
882895	882895
1232747	1232747
2048766	2048766
875782	875782
270541	270541
473336	473336
1508059	1508059
480301	480301
274780	274780
299564	299564
2587261	2587261
2048767	2048767
8245	8245
283024	283024
283031	283031
195660	195660
100204	100204
412627	412627
335010	335010
274743	274743
283621	283621
320590	320590
540279	540279
94939	94939
740938	740938
143325	143325
