129035
36217
13323
86203
557403
1843782
75014
644535
7908
7904
2838345
740689
428027
83392
1036540
1038686
1675535
88653
170189
314245
319752
433393
320457
57979
57980
7852
34773
160542
315322
215382
100186
1045555
72546
433405
307589
332922
314002
531320
1154603
1225888
320623
88656
229290
557333
172142
497157
1154592
57779
57780
2499414
875792
875793
1431508
428037
263691
181459
473348
260512
81868
81869
68504
875771
81870
2838346
319440
283624
274758
433399
322683
305505
1738886
1638735
320586
2838353
195645
428034
238741
1311532
259703
240152
217026
13353
2048720
121280
196127
243721
740690
492034
303686
2590964
88660
181397
1074457
319449
433408
557335
433409
433407
863441
466962
875769
557336
473350
1188226
274808
1206983
341242
341243
341244
1154593
341248
2169489
341251
1126214
2838355
492030
1897793
875785
433385
1154594
1738883
1197456
123335
2838337
2838339
2838338
2838340
242940
980325
573213
1182146
241346
123245
740691
1154617
557338
390675
2048771
314000
100188
215352
490248
334377
2725362
1311538
320621
173313
173306
173346
173314
303933
671158
202609
671159
46612
302049
7807
13397
2710875
796014
433400
1154595
274785
740692
181404
319436
319437
717990
181422
2546099
271503
123342
862823
160733
740693
206108
875772
714659
57982
88671
443685
740694
412639
302054
2838343
603439
29144
302055
68509
1197887
938382
546515
307590
320392
2048773
740928
1154619
2048724
274688
388628
320615
433395
283635
27585
173338
320383
231457
319774
319775
195600
185732
255560
459045
304258
459046
459047
283633
30724
319433
129043
1126216
1010703
8130
642431
13454
34814
83390
2048726
76798
83391
216980
216981
83387
1972140
214914
214916
557343
433379
412659
314006
319749
1003719
316137
48441
48443
48444
48447
48449
48451
48453
556252
50794
320393
666531
875787
274783
492021
3362755
875773
2587260
160710
320418
1074458
91653
2048735
223143
229062
223145
123333
880958
875774
91975
372796
1415272
88682
114854
700631
1311437
2995742
2696596
308079
224713
2578276
173247
7834
446812
473311
182427
320376
100194
100190
229144
239368
2048782
879482
879484
320617
980327
740695
245074
195609
160714
160722
418109
7765
270543
320406
1775713
253860
1147041
224716
320605
689953
1581699
1868326
1311546
166745
293913
433392
305515
55117
565079
8227
507566
3028462
2488690
182429
215343
875775
882833
293911
334378
28757
1042646
80720
7819
86063
33528
69293
13543
320395
57801
57802
57803
3119957
242958
390335
8222
214657
195612
2587256
63828
311527
1365558
123344
48456
980328
182437
875776
86361
555489
555491
1010788
319453
241331
317475
870551
870552
241297
241298
239038
875777
765186
320402
433390
271501
880959
470227
7792
1072509
342441
57809
274741
192377
192375
192378
94987
314234
109285
1154596
2048742
30945
195615
938391
293903
454056
1366891
272788
1604544
2578290
740696
390340
2036876
7873
1111163
740697
89988
473313
305783
2488746
100192
1045556
182223
300346
137520
2067536
160712
160725
274775
57811
57812
879500
161905
433388
305506
305508
274762
320611
1907657
305509
305510
433394
557345
1633427
2570680
302051
215386
314241
882817
185744
990596
862898
195617
13603
13575
57983
7847
466148
274764
13721
2726520
473314
1311455
206142
320408
348051
8226
163143
2838349
2838344
274812
57817
319757
546522
38578
319455
2884370
717803
517134
123241
1519981
3000940
319540
104631
81370
2546036
2546035
228346
2804332
459049
13587
185746
195623
433389
515182
2804333
2499219
274777
443636
980417
214925
1077868
1604570
319759
314005
355514
557346
301819
980332
433403
320618
433401
255718
1562383
274786
433402
572250
557405
170193
123234
314249
319430
740699
81373
164018
1519984
232977
722640
557408
428036
319431
697225
455479
320609
290247
75026
740700
320591
557347
557348
433411
557350
557351
1772030
215428
433387
57818
215426
1772091
215425
320593
195626
314003
320610
319763
557410
1311459
206124
319769
13604
630738
433396
200682
879508
57822
879510
76143
30960
223211
473320
443640
68502
314243
57985
2838347
2838348
2893494
319444
880960
1077867
700637
242962
1459833
181410
557412
94928
946562
320396
2100598
89952
80721
875789
1738899
1634945
50814
880961
89058
740930
57987
1983395
1579277
86366
2169563
94237
2005067
34816
48193
2838342
1368618
875778
320419
376658
689952
160729
160731
320403
740701
740702
123340
319543
86358
238839
8097
319944
179978
2871629
91654
319541
557352
2970949
492032
1213697
671162
875791
428032
557353
446815
173244
557354
118170
57830
2653057
2653058
882844
88701
630687
1154598
59659
1003968
143895
123232
7857
123257
57989
320620
328410
459050
459051
459052
30962
8017
8018
8019
8022
8023
74940
242955
1154599
2499217
412658
875770
319751
319755
57841
225387
259987
681939
170206
163134
1604631
8127
305512
1181261
476919
283620
293902
557355
557356
436884
740932
2893499
57799
57845
879516
184437
172714
147646
30873
1276500
319776
1154600
557357
557358
557359
557360
557361
2563672
565092
320401
172659
717805
257887
320412
305784
100200
2838341
740703
283367
283028
882859
1986968
641294
2048758
740704
1738904
879518
195632
129059
2821164
740705
170202
57849
192379
641111
269452
320379
320378
320380
195635
320612
48699
473327
320382
2910463
272801
262771
45384
557414
88708
143334
7815
1897800
320588
184447
1577861
744555
160740
348696
91656
123331
316144
195639
301820
1072482
170824
2048761
319454
980342
320385
557364
1219345
651723
443808
641289
134920
185748
274768
980343
215407
301822
81389
1206991
111784
490280
641292
516980
305631
641296
100202
882883
283636
259920
151723
933223
557365
446837
86375
1048762
1311561
557417
320398
88713
428030
1622141
700664
320607
459053
13662
136490
319782
8030
8037
8039
8231
28381
2590966
13676
99342
99346
1519994
436885
1076264
123230
473332
94934
319445
319750
72114
1317704
874434
52273
320400
2893505
214485
72055
72056
72057
72058
72059
394687
72060
72062
72063
72064
394688
72065
72066
72067
394690
2603974
72069
72070
72071
72072
72073
72074
72076
72077
72078
72079
72080
72081
72082
72083
394693
72084
72085
394694
394695
72086
72087
394697
72088
394698
72089
72090
72092
72093
394701
72094
394702
394703
72095
394704
72096
72097
72098
72099
394705
72100
72101
320568
72102
201707
72103
72105
394707
72106
72107
72108
72110
8110
146146
179364
179368
302047
173321
515231
1955183
237562
557366
290102
91969
91970
48457
305516
557426
168377
1329245
875779
55125
740708
55127
7823
7824
195335
443727
260508
7798
170825
1350521
1268096
283639
87100
319772
91658
123240
184449
81873
81875
320404
980344
320411
129062
409996
509852
882189
123339
319542
2039247
1812872
875780
740936
362380
320413
2576040
350043
320414
320415
123249
885019
2420062
319451
492049
302046
443728
91660
1051621
316150
13720
7787
239048
240832
8235
8236
8241
8238
875781
173332
320416
271940
30493
13733
209541
88147
55553
55557
433386
433391
242287
123243
129077
166768
320399
173317
40664
86675
1213718
3242789
882895
1232747
2048766
875782
270541
473336
1508059
480301
274780
299564
2587261
2048767
8245
283024
283031
195660
100204
412627
335010
274743
283621
320590
540279
94939
740938
143325
